[
  [
    18.0,
    5.0,
    12.0,
    1.0,
    0.0,
    0.0,
    0.0,
    0.0,
    0.0,
    0.0,
    0.0,
    0.0,
    0.0,
    0.0,
    0.0,
    0.0,
    0.0,
    0.0
  ],
  [
    0.0,
    1234.567,
    1234.567,
    1234.567,
    1234.567,
    0.443705946,
    0.248447657,
    -0.492589265,
    -0.6779571,
    1234.567,
    1234.567,
    1234.567,
    1234.567,
    1234.567,
    1234.567,
    1234.567,
    1234.567,
    1234.567
  ],
  [
    0.0,
    0.0,
    1234.567,
    1234.567,
    1234.567,
    -0.102245525,
    0.3036644,
    -0.633656144,
    0.203165859,
    1234.567,
    1234.567,
    1234.567,
    1234.567,
    1234.567,
    1234.567,
    1234.567,
    1234.567,
    1234.567
  ],
  [
    0.0,
    0.0,
    0.0,
    1234.567,
    1234.567,
    0.494900644,
    -0.162693247,
    -0.425586969,
    0.09516811,
    1234.567,
    1234.567,
    1234.567,
    1234.567,
    1234.567,
    1234.567,
    1234.567,
    1234.567,
    1234.567
  ],
  [
    0.0,
    0.0,
    0.0,
    0.0,
    1234.567,
    -0.435284376,
    -0.47071296,
    -0.191240147,
    -0.144128814,
    1234.567,
    1234.567,
    1234.567,
    1234.567,
    1234.567,
    1234.567,
    1234.567,
    1234.567,
    1234.567
  ],
  [
    0.0,
    0.0,
    0.0,
    0.0,
    0.0,
    0.421829224,
    -0.312734723,
    0.3463699,
    0.3552934,
    1234.567,
    1234.567,
    1234.567,
    1234.567,
    1234.567,
    1234.567,
    1234.567,
    1234.567,
    1234.567
  ],
  [
    0.0,
    0.0,
    0.0,
    0.0,
    0.0,
    0.0,
    1234.567,
    1234.567,
    1234.567,
    -0.4457526,
    -0.0545509122,
    0.401675,
    0.4398083,
    1234.567,
    1234.567,
    1234.567,
    1234.567,
    1234.567
  ],
  [
    0.0,
    0.0,
    0.0,
    0.0,
    0.0,
    0.0,
    0.0,
    1234.567,
    1234.567,
    -0.921695232,
    0.0558829829,
    -0.585577667,
    0.0428895652,
    1234.567,
    1234.567,
    1234.567,
    1234.567,
    1234.567
  ],
  [
    0.0,
    0.0,
    0.0,
    0.0,
    0.0,
    0.0,
    0.0,
    0.0,
    1234.567,
    0.6165276,
    -0.131152421,
    -0.602588952,
    0.32912156,
    1234.567,
    1234.567,
    1234.567,
    1234.567,
    1234.567
  ],
  [
    0.0,
    0.0,
    0.0,
    0.0,
    0.0,
    0.0,
    0.0,
    0.0,
    0.0,
    0.07828201,
    0.6777588,
    0.67640084,
    -0.7560503,
    1234.567,
    1234.567,
    1234.567,
    1234.567,
    1234.567
  ],
  [
    0.0,
    0.0,
    0.0,
    0.0,
    0.0,
    0.0,
    0.0,
    0.0,
    0.0,
    0.0,
    1234.567,
    1234.567,
    1234.567,
    -0.46399498,
    0.119332433,
    0.8936571,
    0.07885893,
    1234.567
  ],
  [
    0.0,
    0.0,
    0.0,
    0.0,
    0.0,
    0.0,
    0.0,
    0.0,
    0.0,
    0.0,
    0.0,
    1234.567,
    1234.567,
    0.4054803,
    0.6025846,
    -0.16286239,
    -0.2239187,
    1234.567
  ],
  [
    0.0,
    0.0,
    0.0,
    0.0,
    0.0,
    0.0,
    0.0,
    0.0,
    0.0,
    0.0,
    0.0,
    0.0,
    1234.567,
    0.167355239,
    -0.0273970664,
    0.7949196,
    0.5749384,
    1234.567
  ],
  [
    0.0,
    0.0,
    0.0,
    0.0,
    0.0,
    0.0,
    0.0,
    0.0,
    0.0,
    0.0,
    0.0,
    0.0,
    0.0,
    -0.173572,
    0.294812024,
    -0.4521454,
    0.6548286,
    1234.567
  ],
  [
    0.0,
    0.0,
    0.0,
    0.0,
    0.0,
    0.0,
    0.0,
    0.0,
    0.0,
    0.0,
    0.0,
    0.0,
    0.0,
    0.0,
    1234.567,
    1234.567,
    1234.567,
    -0.531461537
  ],
  [
    0.0,
    0.0,
    0.0,
    0.0,
    0.0,
    0.0,
    0.0,
    0.0,
    0.0,
    0.0,
    0.0,
    0.0,
    0.0,
    0.0,
    0.0,
    1234.567,
    1234.567,
    0.7710377
  ],
  [
    0.0,
    0.0,
    0.0,
    0.0,
    0.0,
    0.0,
    0.0,
    0.0,
    0.0,
    0.0,
    0.0,
    0.0,
    0.0,
    0.0,
    0.0,
    0.0,
    1234.567,
    0.7311873
  ],
  [
    0.0,
    0.0,
    0.0,
    0.0,
    0.0,
    0.0,
    0.0,
    0.0,
    0.0,
    0.0,
    0.0,
    0.0,
    0.0,
    0.0,
    0.0,
    0.0,
    0.0,
    -0.681569
  ],
  [
    0.0,
    0.0,
    0.0,
    0.0,
    0.0,
    0.0,
    0.0,
    0.0,
    0.0,
    0.0,
    0.0,
    0.0,
    0.0,
    0.0,
    0.0,
    0.0,
    0.0,
    0.0
  ]
]