[
  [
    18.0,
    5.0,
    12.0,
    1.0,
    0.0,
    0.0,
    0.0,
    0.0,
    0.0,
    0.0,
    0.0,
    0.0,
    0.0,
    0.0,
    0.0,
    0.0,
    0.0,
    0.0
  ],
  [
    0.0,
    1234.567,
    1234.567,
    1234.567,
    1234.567,
    -0.3875982,
    -0.4889768,
    -0.6581695,
    -0.6493939,
    1234.567,
    1234.567,
    1234.567,
    1234.567,
    1234.567,
    1234.567,
    1234.567,
    1234.567,
    1234.567
  ],
  [
    0.0,
    0.0,
    1234.567,
    1234.567,
    1234.567,
    -0.308408052,
    -0.312576056,
    -0.231363684,
    -0.345455527,
    1234.567,
    1234.567,
    1234.567,
    1234.567,
    1234.567,
    1234.567,
    1234.567,
    1234.567,
    1234.567
  ],
  [
    0.0,
    0.0,
    0.0,
    1234.567,
    1234.567,
    0.4420675,
    0.186638549,
    -0.643302441,
    -0.250557721,
    1234.567,
    1234.567,
    1234.567,
    1234.567,
    1234.567,
    1234.567,
    1234.567,
    1234.567,
    1234.567
  ],
  [
    0.0,
    0.0,
    0.0,
    0.0,
    1234.567,
    -0.7130319,
    0.5483926,
    -0.6519592,
    0.364156276,
    1234.567,
    1234.567,
    1234.567,
    1234.567,
    1234.567,
    1234.567,
    1234.567,
    1234.567,
    1234.567
  ],
  [
    0.0,
    0.0,
    0.0,
    0.0,
    0.0,
    0.2410995,
    -0.03427706,
    0.496975362,
    -0.150351912,
    1234.567,
    1234.567,
    1234.567,
    1234.567,
    1234.567,
    1234.567,
    1234.567,
    1234.567,
    1234.567
  ],
  [
    0.0,
    0.0,
    0.0,
    0.0,
    0.0,
    0.0,
    1234.567,
    1234.567,
    1234.567,
    -0.2796756,
    -0.0003531985,
    0.06045463,
    0.276387751,
    1234.567,
    1234.567,
    1234.567,
    1234.567,
    1234.567
  ],
  [
    0.0,
    0.0,
    0.0,
    0.0,
    0.0,
    0.0,
    0.0,
    1234.567,
    1234.567,
    -0.602637768,
    0.7766721,
    0.196153119,
    -0.16208829,
    1234.567,
    1234.567,
    1234.567,
    1234.567,
    1234.567
  ],
  [
    0.0,
    0.0,
    0.0,
    0.0,
    0.0,
    0.0,
    0.0,
    0.0,
    1234.567,
    0.4256221,
    -0.540957,
    0.736983538,
    0.280171424,
    1234.567,
    1234.567,
    1234.567,
    1234.567,
    1234.567
  ],
  [
    0.0,
    0.0,
    0.0,
    0.0,
    0.0,
    0.0,
    0.0,
    0.0,
    0.0,
    -0.386324167,
    -0.5809777,
    0.470193177,
    -0.338246584,
    1234.567,
    1234.567,
    1234.567,
    1234.567,
    1234.567
  ],
  [
    0.0,
    0.0,
    0.0,
    0.0,
    0.0,
    0.0,
    0.0,
    0.0,
    0.0,
    0.0,
    1234.567,
    1234.567,
    1234.567,
    -0.6448705,
    0.337988943,
    0.3980414,
    -0.674572766,
    1234.567
  ],
  [
    0.0,
    0.0,
    0.0,
    0.0,
    0.0,
    0.0,
    0.0,
    0.0,
    0.0,
    0.0,
    0.0,
    1234.567,
    1234.567,
    -0.109223984,
    -0.7045837,
    0.11790017,
    0.121135615,
    1234.567
  ],
  [
    0.0,
    0.0,
    0.0,
    0.0,
    0.0,
    0.0,
    0.0,
    0.0,
    0.0,
    0.0,
    0.0,
    0.0,
    1234.567,
    0.273300022,
    -1.20579827,
    -0.5314962,
    -0.290867865,
    1234.567
  ],
  [
    0.0,
    0.0,
    0.0,
    0.0,
    0.0,
    0.0,
    0.0,
    0.0,
    0.0,
    0.0,
    0.0,
    0.0,
    0.0,
    0.388005674,
    0.6816661,
    -0.5113557,
    -0.684953034,
    1234.567
  ],
  [
    0.0,
    0.0,
    0.0,
    0.0,
    0.0,
    0.0,
    0.0,
    0.0,
    0.0,
    0.0,
    0.0,
    0.0,
    0.0,
    0.0,
    1234.567,
    1234.567,
    1234.567,
    -0.4784522
  ],
  [
    0.0,
    0.0,
    0.0,
    0.0,
    0.0,
    0.0,
    0.0,
    0.0,
    0.0,
    0.0,
    0.0,
    0.0,
    0.0,
    0.0,
    0.0,
    1234.567,
    1234.567,
    -0.79288584
  ],
  [
    0.0,
    0.0,
    0.0,
    0.0,
    0.0,
    0.0,
    0.0,
    0.0,
    0.0,
    0.0,
    0.0,
    0.0,
    0.0,
    0.0,
    0.0,
    0.0,
    1234.567,
    -0.855855167
  ],
  [
    0.0,
    0.0,
    0.0,
    0.0,
    0.0,
    0.0,
    0.0,
    0.0,
    0.0,
    0.0,
    0.0,
    0.0,
    0.0,
    0.0,
    0.0,
    0.0,
    0.0,
    0.24037677
  ],
  [
    0.0,
    0.0,
    0.0,
    0.0,
    0.0,
    0.0,
    0.0,
    0.0,
    0.0,
    0.0,
    0.0,
    0.0,
    0.0,
    0.0,
    0.0,
    0.0,
    0.0,
    0.0
  ]
]