[
  [
    18.0,
    5.0,
    12.0,
    1.0,
    0.0,
    0.0,
    0.0,
    0.0,
    0.0,
    0.0,
    0.0,
    0.0,
    0.0,
    0.0,
    0.0,
    0.0,
    0.0,
    0.0
  ],
  [
    0.0,
    1234.567,
    1234.567,
    1234.567,
    1234.567,
    0.604896963,
    -0.05064559,
    -0.486004621,
    -0.5296296,
    1234.567,
    1234.567,
    1234.567,
    1234.567,
    1234.567,
    1234.567,
    1234.567,
    1234.567,
    1234.567
  ],
  [
    0.0,
    0.0,
    1234.567,
    1234.567,
    1234.567,
    -0.09995696,
    0.6152805,
    -0.673664451,
    0.16523011,
    1234.567,
    1234.567,
    1234.567,
    1234.567,
    1234.567,
    1234.567,
    1234.567,
    1234.567,
    1234.567
  ],
  [
    0.0,
    0.0,
    0.0,
    1234.567,
    1234.567,
    0.5802539,
    -0.0646524057,
    -0.0963603,
    0.139238492,
    1234.567,
    1234.567,
    1234.567,
    1234.567,
    1234.567,
    1234.567,
    1234.567,
    1234.567,
    1234.567
  ],
  [
    0.0,
    0.0,
    0.0,
    0.0,
    1234.567,
    -0.5366635,
    -0.673171163,
    -0.2927836,
    0.06250039,
    1234.567,
    1234.567,
    1234.567,
    1234.567,
    1234.567,
    1234.567,
    1234.567,
    1234.567,
    1234.567
  ],
  [
    0.0,
    0.0,
    0.0,
    0.0,
    0.0,
    -0.0620447919,
    -0.31362468,
    0.370959878,
    0.34866488,
    1234.567,
    1234.567,
    1234.567,
    1234.567,
    1234.567,
    1234.567,
    1234.567,
    1234.567,
    1234.567
  ],
  [
    0.0,
    0.0,
    0.0,
    0.0,
    0.0,
    0.0,
    1234.567,
    1234.567,
    1234.567,
    -0.366769552,
    -0.110102139,
    0.149755538,
    0.5148551,
    1234.567,
    1234.567,
    1234.567,
    1234.567,
    1234.567
  ],
  [
    0.0,
    0.0,
    0.0,
    0.0,
    0.0,
    0.0,
    0.0,
    1234.567,
    1234.567,
    -0.5698562,
    0.08424397,
    -0.254263133,
    -0.130667239,
    1234.567,
    1234.567,
    1234.567,
    1234.567,
    1234.567
  ],
  [
    0.0,
    0.0,
    0.0,
    0.0,
    0.0,
    0.0,
    0.0,
    0.0,
    1234.567,
    0.6565932,
    -0.214121819,
    -0.424507767,
    0.08362903,
    1234.567,
    1234.567,
    1234.567,
    1234.567,
    1234.567
  ],
  [
    0.0,
    0.0,
    0.0,
    0.0,
    0.0,
    0.0,
    0.0,
    0.0,
    0.0,
    0.138717517,
    0.8870017,
    1.10801232,
    -0.5652623,
    1234.567,
    1234.567,
    1234.567,
    1234.567,
    1234.567
  ],
  [
    0.0,
    0.0,
    0.0,
    0.0,
    0.0,
    0.0,
    0.0,
    0.0,
    0.0,
    0.0,
    1234.567,
    1234.567,
    1234.567,
    0.0194921456,
    -0.09474842,
    1.05296922,
    0.222779259,
    1234.567
  ],
  [
    0.0,
    0.0,
    0.0,
    0.0,
    0.0,
    0.0,
    0.0,
    0.0,
    0.0,
    0.0,
    0.0,
    1234.567,
    1234.567,
    0.6193569,
    0.6965059,
    -0.212688178,
    -0.41282174,
    1234.567
  ],
  [
    0.0,
    0.0,
    0.0,
    0.0,
    0.0,
    0.0,
    0.0,
    0.0,
    0.0,
    0.0,
    0.0,
    0.0,
    1234.567,
    0.52523464,
    0.205056623,
    0.5482688,
    0.651995838,
    1234.567
  ],
  [
    0.0,
    0.0,
    0.0,
    0.0,
    0.0,
    0.0,
    0.0,
    0.0,
    0.0,
    0.0,
    0.0,
    0.0,
    0.0,
    -0.334833831,
    0.06897325,
    -0.48664704,
    0.540130556,
    1234.567
  ],
  [
    0.0,
    0.0,
    0.0,
    0.0,
    0.0,
    0.0,
    0.0,
    0.0,
    0.0,
    0.0,
    0.0,
    0.0,
    0.0,
    0.0,
    1234.567,
    1234.567,
    1234.567,
    -0.448609352
  ],
  [
    0.0,
    0.0,
    0.0,
    0.0,
    0.0,
    0.0,
    0.0,
    0.0,
    0.0,
    0.0,
    0.0,
    0.0,
    0.0,
    0.0,
    0.0,
    1234.567,
    1234.567,
    0.561870933
  ],
  [
    0.0,
    0.0,
    0.0,
    0.0,
    0.0,
    0.0,
    0.0,
    0.0,
    0.0,
    0.0,
    0.0,
    0.0,
    0.0,
    0.0,
    0.0,
    0.0,
    1234.567,
    0.678117752
  ],
  [
    0.0,
    0.0,
    0.0,
    0.0,
    0.0,
    0.0,
    0.0,
    0.0,
    0.0,
    0.0,
    0.0,
    0.0,
    0.0,
    0.0,
    0.0,
    0.0,
    0.0,
    -0.5434362
  ],
  [
    0.0,
    0.0,
    0.0,
    0.0,
    0.0,
    0.0,
    0.0,
    0.0,
    0.0,
    0.0,
    0.0,
    0.0,
    0.0,
    0.0,
    0.0,
    0.0,
    0.0,
    0.0
  ]
]