[
  [
    18.0,
    5.0,
    12.0,
    1.0,
    0.0,
    0.0,
    0.0,
    0.0,
    0.0,
    0.0,
    0.0,
    0.0,
    0.0,
    0.0,
    0.0,
    0.0,
    0.0,
    0.0
  ],
  [
    0.0,
    1234.567,
    1234.567,
    1234.567,
    1234.567,
    0.317049116,
    0.4510969,
    -0.497670978,
    -0.684879661,
    1234.567,
    1234.567,
    1234.567,
    1234.567,
    1234.567,
    1234.567,
    1234.567,
    1234.567,
    1234.567
  ],
  [
    0.0,
    0.0,
    1234.567,
    1234.567,
    1234.567,
    -0.26098755,
    0.1250564,
    -0.4893531,
    0.220022216,
    1234.567,
    1234.567,
    1234.567,
    1234.567,
    1234.567,
    1234.567,
    1234.567,
    1234.567,
    1234.567
  ],
  [
    0.0,
    0.0,
    0.0,
    1234.567,
    1234.567,
    0.408164471,
    -0.2107536,
    -0.600811839,
    0.11152602,
    1234.567,
    1234.567,
    1234.567,
    1234.567,
    1234.567,
    1234.567,
    1234.567,
    1234.567,
    1234.567
  ],
  [
    0.0,
    0.0,
    0.0,
    0.0,
    1234.567,
    -0.5329395,
    -0.441622764,
    -0.338596284,
    0.0115633085,
    1234.567,
    1234.567,
    1234.567,
    1234.567,
    1234.567,
    1234.567,
    1234.567,
    1234.567,
    1234.567
  ],
  [
    0.0,
    0.0,
    0.0,
    0.0,
    0.0,
    0.205030456,
    -0.364140451,
    0.378297657,
    0.360768557,
    1234.567,
    1234.567,
    1234.567,
    1234.567,
    1234.567,
    1234.567,
    1234.567,
    1234.567,
    1234.567
  ],
  [
    0.0,
    0.0,
    0.0,
    0.0,
    0.0,
    0.0,
    1234.567,
    1234.567,
    1234.567,
    -0.2032618,
    -0.183529854,
    -0.004199393,
    0.601285458,
    1234.567,
    1234.567,
    1234.567,
    1234.567,
    1234.567
  ],
  [
    0.0,
    0.0,
    0.0,
    0.0,
    0.0,
    0.0,
    0.0,
    1234.567,
    1234.567,
    -0.822540462,
    -0.0424209535,
    -0.371725768,
    0.194438934,
    1234.567,
    1234.567,
    1234.567,
    1234.567,
    1234.567
  ],
  [
    0.0,
    0.0,
    0.0,
    0.0,
    0.0,
    0.0,
    0.0,
    0.0,
    1234.567,
    0.8748524,
    -0.367737025,
    -0.441743881,
    0.188650608,
    1234.567,
    1234.567,
    1234.567,
    1234.567,
    1234.567
  ],
  [
    0.0,
    0.0,
    0.0,
    0.0,
    0.0,
    0.0,
    0.0,
    0.0,
    0.0,
    0.136430115,
    0.7327541,
    0.8971986,
    -0.7061996,
    1234.567,
    1234.567,
    1234.567,
    1234.567,
    1234.567
  ],
  [
    0.0,
    0.0,
    0.0,
    0.0,
    0.0,
    0.0,
    0.0,
    0.0,
    0.0,
    0.0,
    1234.567,
    1234.567,
    1234.567,
    -0.0813154,
    0.0475885943,
    0.9195265,
    0.243863449,
    1234.567
  ],
  [
    0.0,
    0.0,
    0.0,
    0.0,
    0.0,
    0.0,
    0.0,
    0.0,
    0.0,
    0.0,
    0.0,
    1234.567,
    1234.567,
    0.280760825,
    0.8876767,
    -0.306411862,
    -0.162206486,
    1234.567
  ],
  [
    0.0,
    0.0,
    0.0,
    0.0,
    0.0,
    0.0,
    0.0,
    0.0,
    0.0,
    0.0,
    0.0,
    0.0,
    1234.567,
    0.132605508,
    0.0442818254,
    0.434202224,
    0.5453898,
    1234.567
  ],
  [
    0.0,
    0.0,
    0.0,
    0.0,
    0.0,
    0.0,
    0.0,
    0.0,
    0.0,
    0.0,
    0.0,
    0.0,
    0.0,
    -0.1994367,
    -0.110783696,
    -0.352613837,
    0.415919781,
    1234.567
  ],
  [
    0.0,
    0.0,
    0.0,
    0.0,
    0.0,
    0.0,
    0.0,
    0.0,
    0.0,
    0.0,
    0.0,
    0.0,
    0.0,
    0.0,
    1234.567,
    1234.567,
    1234.567,
    -0.6197992
  ],
  [
    0.0,
    0.0,
    0.0,
    0.0,
    0.0,
    0.0,
    0.0,
    0.0,
    0.0,
    0.0,
    0.0,
    0.0,
    0.0,
    0.0,
    0.0,
    1234.567,
    1234.567,
    0.6009234
  ],
  [
    0.0,
    0.0,
    0.0,
    0.0,
    0.0,
    0.0,
    0.0,
    0.0,
    0.0,
    0.0,
    0.0,
    0.0,
    0.0,
    0.0,
    0.0,
    0.0,
    1234.567,
    0.89179045
  ],
  [
    0.0,
    0.0,
    0.0,
    0.0,
    0.0,
    0.0,
    0.0,
    0.0,
    0.0,
    0.0,
    0.0,
    0.0,
    0.0,
    0.0,
    0.0,
    0.0,
    0.0,
    -0.3709676
  ],
  [
    0.0,
    0.0,
    0.0,
    0.0,
    0.0,
    0.0,
    0.0,
    0.0,
    0.0,
    0.0,
    0.0,
    0.0,
    0.0,
    0.0,
    0.0,
    0.0,
    0.0,
    0.0
  ]
]