[
  [
    18.0,
    5.0,
    12.0,
    1.0,
    0.0,
    0.0,
    0.0,
    0.0,
    0.0,
    0.0,
    0.0,
    0.0,
    0.0,
    0.0,
    0.0,
    0.0,
    0.0,
    0.0
  ],
  [
    0.0,
    1234.567,
    1234.567,
    1234.567,
    1234.567,
    0.4843565,
    0.100241452,
    -0.260151029,
    -0.802365839,
    1234.567,
    1234.567,
    1234.567,
    1234.567,
    1234.567,
    1234.567,
    1234.567,
    1234.567,
    1234.567
  ],
  [
    0.0,
    0.0,
    1234.567,
    1234.567,
    1234.567,
    0.00268162414,
    0.6455835,
    -0.6870399,
    0.09817758,
    1234.567,
    1234.567,
    1234.567,
    1234.567,
    1234.567,
    1234.567,
    1234.567,
    1234.567,
    1234.567
  ],
  [
    0.0,
    0.0,
    0.0,
    1234.567,
    1234.567,
    0.529643357,
    -0.107018724,
    -0.118656695,
    0.151418149,
    1234.567,
    1234.567,
    1234.567,
    1234.567,
    1234.567,
    1234.567,
    1234.567,
    1234.567,
    1234.567
  ],
  [
    0.0,
    0.0,
    0.0,
    0.0,
    1234.567,
    -0.5765904,
    -0.493389726,
    -0.224747121,
    -0.19907698,
    1234.567,
    1234.567,
    1234.567,
    1234.567,
    1234.567,
    1234.567,
    1234.567,
    1234.567,
    1234.567
  ],
  [
    0.0,
    0.0,
    0.0,
    0.0,
    0.0,
    0.308968842,
    -0.336816669,
    0.293198019,
    0.383403182,
    1234.567,
    1234.567,
    1234.567,
    1234.567,
    1234.567,
    1234.567,
    1234.567,
    1234.567,
    1234.567
  ],
  [
    0.0,
    0.0,
    0.0,
    0.0,
    0.0,
    0.0,
    1234.567,
    1234.567,
    1234.567,
    -0.416420817,
    0.0252227373,
    0.100296721,
    0.6585987,
    1234.567,
    1234.567,
    1234.567,
    1234.567,
    1234.567
  ],
  [
    0.0,
    0.0,
    0.0,
    0.0,
    0.0,
    0.0,
    0.0,
    1234.567,
    1234.567,
    -0.8020632,
    0.0323510021,
    -0.4481623,
    -0.0427766778,
    1234.567,
    1234.567,
    1234.567,
    1234.567,
    1234.567
  ],
  [
    0.0,
    0.0,
    0.0,
    0.0,
    0.0,
    0.0,
    0.0,
    0.0,
    1234.567,
    0.535753131,
    -0.06932029,
    -0.408015579,
    0.124875754,
    1234.567,
    1234.567,
    1234.567,
    1234.567,
    1234.567
  ],
  [
    0.0,
    0.0,
    0.0,
    0.0,
    0.0,
    0.0,
    0.0,
    0.0,
    0.0,
    0.0625457838,
    0.896786451,
    0.8450984,
    -0.395497322,
    1234.567,
    1234.567,
    1234.567,
    1234.567,
    1234.567
  ],
  [
    0.0,
    0.0,
    0.0,
    0.0,
    0.0,
    0.0,
    0.0,
    0.0,
    0.0,
    0.0,
    1234.567,
    1234.567,
    1234.567,
    0.04362611,
    -0.114140831,
    1.12618673,
    0.207581073,
    1234.567
  ],
  [
    0.0,
    0.0,
    0.0,
    0.0,
    0.0,
    0.0,
    0.0,
    0.0,
    0.0,
    0.0,
    0.0,
    1234.567,
    1234.567,
    0.6250576,
    0.525876164,
    -0.224080309,
    -0.216289282,
    1234.567
  ],
  [
    0.0,
    0.0,
    0.0,
    0.0,
    0.0,
    0.0,
    0.0,
    0.0,
    0.0,
    0.0,
    0.0,
    0.0,
    1234.567,
    0.2810918,
    0.16244778,
    0.77067703,
    0.524604559,
    1234.567
  ],
  [
    0.0,
    0.0,
    0.0,
    0.0,
    0.0,
    0.0,
    0.0,
    0.0,
    0.0,
    0.0,
    0.0,
    0.0,
    0.0,
    -0.27066806,
    0.176972181,
    -0.4900734,
    0.378905475,
    1234.567
  ],
  [
    0.0,
    0.0,
    0.0,
    0.0,
    0.0,
    0.0,
    0.0,
    0.0,
    0.0,
    0.0,
    0.0,
    0.0,
    0.0,
    0.0,
    1234.567,
    1234.567,
    1234.567,
    -0.57440275
  ],
  [
    0.0,
    0.0,
    0.0,
    0.0,
    0.0,
    0.0,
    0.0,
    0.0,
    0.0,
    0.0,
    0.0,
    0.0,
    0.0,
    0.0,
    0.0,
    1234.567,
    1234.567,
    0.600609958
  ],
  [
    0.0,
    0.0,
    0.0,
    0.0,
    0.0,
    0.0,
    0.0,
    0.0,
    0.0,
    0.0,
    0.0,
    0.0,
    0.0,
    0.0,
    0.0,
    0.0,
    1234.567,
    0.8160838
  ],
  [
    0.0,
    0.0,
    0.0,
    0.0,
    0.0,
    0.0,
    0.0,
    0.0,
    0.0,
    0.0,
    0.0,
    0.0,
    0.0,
    0.0,
    0.0,
    0.0,
    0.0,
    -0.502589345
  ],
  [
    0.0,
    0.0,
    0.0,
    0.0,
    0.0,
    0.0,
    0.0,
    0.0,
    0.0,
    0.0,
    0.0,
    0.0,
    0.0,
    0.0,
    0.0,
    0.0,
    0.0,
    0.0
  ]
]